# unix_time, cycles_done, cur_path, paths_total, pending_total, pending_favs, map_size, unique_crashes, unique_hangs, max_depth, execs_per_sec
1571614319, 0, 0, 7, 7, 4, 0.19%, 0, 0, 1, 26.55
1571614324, 0, 2, 15, 15, 4, 0.20%, 0, 0, 2, 25.73
1571614329, 0, 2, 17, 17, 4, 0.20%, 0, 0, 2, 26.81
1571614334, 0, 2, 22, 22, 4, 0.20%, 0, 0, 2, 28.04
1571614339, 0, 2, 24, 24, 4, 0.20%, 0, 0, 2, 26.48
1571614349, 0, 2, 25, 25, 4, 0.20%, 0, 0, 2, 25.10
1571614390, 0, 2, 26, 26, 4, 0.20%, 0, 0, 2, 25.91
1571614431, 0, 2, 27, 27, 4, 0.20%, 0, 0, 2, 26.28
1571614436, 0, 2, 29, 29, 4, 0.21%, 0, 0, 2, 26.87
1571614513, 0, 2, 30, 30, 4, 0.21%, 0, 0, 2, 28.24
1571614523, 0, 2, 40, 40, 4, 0.22%, 1, 0, 2, 26.25
1571614528, 0, 2, 45, 45, 4, 0.23%, 1, 0, 2, 25.85
1571614533, 0, 2, 49, 49, 4, 0.23%, 1, 0, 2, 26.95
1571614538, 0, 2, 51, 51, 4, 0.23%, 1, 0, 2, 27.38
1571614543, 0, 2, 54, 54, 4, 0.23%, 1, 0, 2, 27.61
1571614548, 0, 2, 57, 57, 4, 0.23%, 1, 0, 2, 25.71
1571614553, 0, 2, 60, 60, 4, 0.24%, 1, 0, 2, 26.99
1571614558, 0, 2, 61, 61, 4, 0.24%, 1, 0, 2, 26.53
1571614563, 0, 2, 62, 62, 4, 0.24%, 1, 0, 2, 25.68
1571614569, 0, 2, 63, 63, 4, 0.24%, 1, 0, 2, 27.84
1571614574, 0, 2, 64, 64, 4, 0.24%, 1, 0, 2, 26.68
1571614584, 0, 2, 65, 65, 4, 0.24%, 1, 0, 2, 26.15
1571614605, 0, 2, 66, 66, 4, 0.24%, 2, 0, 2, 25.82
1571614615, 0, 2, 67, 67, 4, 0.24%, 2, 0, 2, 23.80
1571614620, 0, 2, 67, 67, 4, 0.24%, 3, 0, 2, 22.79
1571614625, 0, 2, 68, 68, 4, 0.24%, 3, 0, 2, 21.46
1571614630, 0, 2, 69, 69, 4, 0.24%, 3, 0, 2, 21.63
1571614635, 0, 2, 70, 70, 4, 0.24%, 4, 0, 2, 27.04
1571614640, 0, 2, 71, 71, 4, 0.24%, 4, 0, 2, 29.09
1571614650, 0, 2, 72, 72, 4, 0.24%, 4, 0, 2, 29.23
1571614665, 0, 2, 73, 73, 4, 0.24%, 4, 0, 2, 29.94
1571614676, 0, 2, 74, 74, 4, 0.24%, 4, 0, 2, 27.69
1571614706, 0, 2, 75, 75, 4, 0.24%, 4, 0, 2, 29.10
1571614711, 0, 2, 75, 75, 4, 0.24%, 5, 0, 2, 29.15
1571614727, 0, 2, 76, 76, 4, 0.24%, 5, 0, 2, 29.79
1571614742, 0, 2, 77, 77, 4, 0.24%, 5, 0, 2, 28.23
1571614773, 0, 5, 77, 76, 16, 0.24%, 5, 0, 2, 29.28
1571614788, 0, 5, 77, 76, 16, 0.24%, 6, 0, 2, 27.57
1571614793, 0, 17, 77, 75, 15, 0.24%, 6, 0, 2, 28.51
1571614987, 0, 17, 78, 76, 15, 0.24%, 6, 0, 3, 26.17
1571614998, 0, 20, 78, 75, 14, 0.24%, 6, 0, 3, 26.11
