# unix_time, cycles_done, cur_path, paths_total, pending_total, pending_favs, map_size, unique_crashes, unique_hangs, max_depth, execs_per_sec
1571615237, 0, 0, 7, 7, 5, 0.19%, 0, 0, 1, 24.99
1571615242, 0, 1, 15, 15, 5, 0.19%, 0, 0, 2, 22.16
1571615247, 0, 1, 16, 16, 5, 0.19%, 0, 0, 2, 21.70
1571615252, 0, 1, 17, 17, 5, 0.19%, 0, 0, 2, 21.68
1571615263, 0, 1, 18, 18, 5, 0.19%, 0, 0, 2, 21.68
1571615278, 0, 1, 21, 21, 5, 0.20%, 0, 0, 2, 26.44
1571615283, 0, 1, 25, 25, 5, 0.20%, 0, 0, 2, 27.12
1571615360, 0, 1, 26, 26, 5, 0.20%, 0, 0, 2, 28.67
1571615365, 0, 1, 27, 27, 5, 0.20%, 0, 0, 2, 28.68
1571615375, 0, 1, 28, 28, 5, 0.20%, 0, 0, 2, 28.37
1571615452, 0, 1, 37, 37, 5, 0.23%, 1, 0, 2, 28.26
1571615457, 0, 1, 43, 43, 5, 0.23%, 1, 0, 2, 28.48
1571615462, 0, 1, 49, 49, 5, 0.24%, 1, 0, 2, 29.08
1571615467, 0, 1, 51, 51, 5, 0.24%, 2, 0, 2, 29.39
1571615472, 0, 1, 52, 52, 5, 0.24%, 2, 0, 2, 29.23
1571615477, 0, 1, 53, 53, 5, 0.24%, 2, 0, 2, 29.45
1571615483, 0, 1, 54, 54, 5, 0.24%, 2, 0, 2, 29.29
1571615503, 0, 1, 57, 57, 5, 0.24%, 2, 0, 2, 29.01
1571615513, 0, 1, 58, 58, 5, 0.24%, 2, 0, 2, 30.48
1571615528, 0, 1, 58, 58, 5, 0.24%, 3, 0, 2, 29.92
1571615534, 0, 1, 59, 59, 5, 0.24%, 3, 0, 2, 30.31
1571615539, 0, 1, 60, 60, 5, 0.24%, 3, 0, 2, 29.87
1571615544, 0, 1, 61, 61, 5, 0.24%, 3, 0, 2, 30.64
1571615579, 0, 1, 62, 62, 5, 0.24%, 4, 0, 2, 29.39
1571615600, 0, 1, 63, 63, 5, 0.24%, 4, 0, 2, 29.68
1571615615, 0, 1, 64, 64, 5, 0.24%, 4, 0, 2, 30.69
1571615621, 0, 1, 65, 65, 5, 0.24%, 4, 0, 2, 30.83
1571615656, 0, 1, 66, 66, 5, 0.24%, 4, 0, 2, 30.83
1571615682, 0, 25, 66, 65, 12, 0.24%, 4, 0, 2, 30.84
1571615840, 0, 28, 66, 64, 11, 0.24%, 4, 0, 2, 28.70
1571615850, 0, 30, 66, 63, 10, 0.24%, 4, 0, 2, 29.82
1571616086, 0, 31, 66, 62, 9, 0.24%, 4, 0, 2, 29.02
1571616453, 0, 31, 68, 64, 9, 0.24%, 4, 0, 3, 29.25
1571616474, 0, 31, 69, 65, 9, 0.24%, 4, 0, 3, 30.00
1571616489, 0, 31, 70, 66, 9, 0.24%, 4, 0, 3, 28.70
1571616494, 0, 31, 71, 67, 9, 0.24%, 4, 0, 3, 29.11
1571616510, 0, 31, 72, 68, 9, 0.24%, 4, 0, 3, 28.97
1571616550, 0, 31, 72, 68, 9, 0.24%, 5, 0, 3, 25.51
1571616556, 0, 31, 73, 69, 9, 0.24%, 5, 0, 3, 27.02
1571616617, 0, 31, 74, 70, 9, 0.24%, 5, 0, 3, 29.87
1571616674, 0, 31, 74, 70, 9, 0.24%, 6, 0, 3, 28.85
1571616679, 0, 34, 74, 69, 10, 0.24%, 6, 0, 3, 28.81
1571616873, 0, 37, 74, 68, 9, 0.24%, 6, 0, 3, 29.52
1571617200, 0, 39, 74, 67, 8, 0.24%, 6, 0, 3, 31.41
1571617215, 0, 43, 74, 66, 7, 0.24%, 6, 0, 3, 28.74
1571617496, 0, 43, 74, 66, 7, 0.24%, 7, 0, 3, 27.62
1571617502, 0, 49, 74, 65, 6, 0.24%, 7, 0, 3, 26.81
1571617670, 0, 49, 74, 65, 6, 0.24%, 8, 0, 3, 27.54
1571617772, 0, 51, 74, 64, 5, 0.24%, 8, 0, 3, 27.47
1571618064, 0, 52, 74, 63, 5, 0.24%, 8, 0, 3, 29.73
1571618390, 0, 52, 75, 64, 5, 0.24%, 8, 0, 3, 29.32
1571618400, 0, 55, 75, 63, 4, 0.24%, 8, 0, 3, 30.01
1571618579, 0, 56, 75, 62, 3, 0.24%, 8, 0, 3, 28.28
1571618966, 0, 58, 75, 61, 2, 0.24%, 8, 0, 3, 31.21
1571619154, 0, 68, 75, 60, 1, 0.24%, 8, 0, 3, 31.23
